ELASTICNETCV,HUBERREGRESSOR,LASSO,LinearSVR,QUANTILEREGRESSOR,XGBRegressor,class
0.003927194446387306,0.0606937610743597,0.10765578641088885,0.17278893025295225,0.013423141392548304,0.6415111864228635,XGBRegressor
0.0011449030389639697,0.017206824525748773,0.011313878229077895,0.006906730220105472,0.002872338282087437,0.9605553257040165,XGBRegressor
0.003328562962672136,0.9676422726656161,0.003513226656658901,0.007154768286882959,0.005036539465484358,0.013324629962685679,HUBERREGRESSOR
0.0005978790401543227,0.003366919961630529,0.007067014509053725,0.0024676334695987565,0.0006997580341708839,0.9858007949853919,LinearSVR
0.000879754053048565,0.015250002976476619,0.02493057361492376,0.015933322556331165,0.0020997783805555975,0.9409065684186643,XGBRegressor
2.2035139513512974e-05,0.0004083770090573218,0.00027191650640413583,0.0005998604020681903,7.111912967776943e-05,0.998626691813279,HUBERREGRESSOR
0.0018277231523040958,0.9758597933077435,0.011360962034464952,0.005301816941740339,0.00208775022428534,0.0035619543394618644,LASSO
0.001770823863305487,0.8778555939286581,0.051580680055707075,0.03707521192518442,0.021020601433564365,0.010697088793580665,XGBRegressor
0.0009296455384494876,0.08847011617357156,0.8870491230272223,0.013164835730334216,0.001989377625796402,0.008396901904626016,LinearSVR
0.0015610916193993837,0.04290440095047302,0.013359418632491108,0.9176227869627142,0.0033413412174864775,0.021210960617436048,LinearSVR
0.00017008616435433273,0.0010735827093111235,0.0019578813315662236,0.008187659874434443,0.0013478649474482772,0.9872629249728855,HUBERREGRESSOR
0.0010841894575006673,0.9778664135066979,0.004898270651599302,0.004871986292404145,0.006516891617505145,0.004762248474293048,XGBRegressor
0.008105220579038301,0.020346669053612067,0.9309418918589424,0.023306248912159457,0.0020311344580826456,0.015268835138165236,XGBRegressor
0.00012511216874441984,0.004933828534149315,0.006746992074895323,0.01053039405724993,0.0007838788059420207,0.9768797943590191,LASSO
0.0019325239769045553,0.06545885517045591,0.016144323208810398,0.032413662290367115,0.8589304040110584,0.025120231342403584,XGBRegressor
0.00011128099797549289,0.0058491801542992945,0.001015301604970526,0.002206671989700408,0.0005889468518542778,0.9902286184011999,XGBRegressor
0.002054627921778865,0.046914858059988296,0.9244393298378012,0.01637596310886773,0.0032150609926263505,0.007000160078937551,LinearSVR
0.008656111843961202,0.012251253466639628,0.01481622915025251,0.13272783412656536,0.0018621763746865551,0.8296863950378947,XGBRegressor
0.00025532256948208437,0.015108619643747311,0.8303101036296072,0.02472189827553239,0.014698596602665004,0.11490545927896602,LinearSVR
0.0001705666851251036,0.008432276861853868,0.008403305734816976,0.00607217153048882,0.0015831504310263647,0.9753385287566889,QUANTILEREGRESSOR
0.002297712370451259,0.9172259742075056,0.011211095379191878,0.016915740412920044,0.00231942560095666,0.050030052028974474,XGBRegressor
0.00016112440184980523,0.01859477589716459,0.003219542095189343,0.8669679094213537,0.0006344101055795469,0.11042223807886309,LinearSVR
0.00011149536990972978,0.006173952399009656,0.00228665541228545,0.013400448357055053,0.0019649984956002795,0.9760624499661398,XGBRegressor
0.0003795386181803052,0.029475238116090423,0.0031224941179430654,0.957488005813078,0.0019662397239787336,0.007568483610729375,HUBERREGRESSOR
0.0011196992029792068,0.0222616859378921,0.019026756844326274,0.022397535491256265,0.001651163898708769,0.9335431586248374,HUBERREGRESSOR
0.0009443593144589158,0.006052304594182345,0.9748270773375659,0.00488070651342577,0.006316115178387971,0.006979437061979058,HUBERREGRESSOR
0.00035469915796584043,0.009640898909220647,0.945773811280524,0.01900248896125039,0.0038619832438172926,0.02136611844722183,LASSO
0.00014106753619464702,0.0016316517326467475,0.0011246430025549444,0.0014233573227878207,0.0004446159399566121,0.9952346644658593,XGBRegressor
0.0018821528709731274,0.8951439434040925,0.01356699226768221,0.051301015762068955,0.013524186993422992,0.024581708701759967,ELASTICNETCV
0.003823651072321423,0.8235637779953557,0.10517826280523404,0.043370848186063786,0.010232089442906829,0.01383137049811819,HUBERREGRESSOR
0.024833484582822786,0.017227246750319388,0.8759060074475822,0.029004771774302485,0.028292974401847915,0.024735515043125347,LASSO
0.004572070874217449,0.0694982760610446,0.8016527735619317,0.087736528081353,0.023518978979660637,0.013021372441792634,LASSO
0.00028823947001739114,0.015872265716184275,0.012509993883804018,0.016299661560344007,0.0012141091396813298,0.953815730229969,QUANTILEREGRESSOR
0.0018310227249597063,0.9451074629774739,0.008199123918667797,0.007169716297624698,0.0028331707931552644,0.03485950328811847,QUANTILEREGRESSOR
1.499361065998002e-05,0.00014385939695995623,0.0008018308060518899,0.0004739750351718221,0.0001722957780391271,0.9983930453731171,XGBRegressor
0.006650980476248681,0.0490670388931234,0.9125223593893727,0.006901311832808639,0.0040116135486833225,0.020846695859763467,XGBRegressor
0.003977350778157128,0.013242658357376428,0.027629209858922824,0.939261574199128,0.004199887311418187,0.011689319494997486,HUBERREGRESSOR
0.010254929208244595,0.01979570291953259,0.9550616137050897,0.006441310162113833,0.003197387834736911,0.0052490561702825825,QUANTILEREGRESSOR
0.001043548732035964,0.0881813776454027,0.020339330439585666,0.08766569213239499,0.003554698798689316,0.7992153522518914,LinearSVR
5.280977333837495e-05,0.0009256287595232986,0.0011390016857088492,0.003360331308505073,0.00042092876960091977,0.9941012997033234,LinearSVR
0.000987288526350564,0.028691963511877253,0.00291140251266252,0.015317468020631692,0.003174612734864927,0.948917264693613,XGBRegressor
0.00026686354826414903,0.00447743139507096,0.0015081177917220746,0.0026962851097660713,0.0010937216671450085,0.9899575804880317,LASSO
0.0004168355858295833,0.9354026457076775,0.0037995748505980976,0.034154896862008746,0.0009445534104100112,0.025281493583476134,XGBRegressor
0.0011539951874902582,0.007374199594419991,0.9698310857905842,0.005942287550643081,0.009739826903017014,0.005958604973845377,HUBERREGRESSOR
0.0003472325712108852,0.023939692640243853,0.011698347913461443,0.8842391817390122,0.001008395437346453,0.07876714969872516,LASSO
0.0007328723649086757,0.0015341491525231973,0.0008620175465510776,0.03173908603014606,0.0007220602409000328,0.9644098146649709,XGBRegressor
0.0001321422961728021,0.011518826939949739,0.006741859922530848,0.013036818405615299,0.0012754685588532845,0.967294883876878,XGBRegressor
0.00031352633667624066,0.01529535341445251,0.023492083065699106,0.010883962747631178,0.001330020000129241,0.9486850544354116,XGBRegressor
0.0025861778573778946,0.8575947741971304,0.039510207258308574,0.07810651637983171,0.007214611458686546,0.014987712848664899,HUBERREGRESSOR
0.001408986130737541,0.07912930031954425,0.008860157822357953,0.8829731843072793,0.002107549210269894,0.025520822209811073,HUBERREGRESSOR
0.0011900064581900518,0.043857703886732,0.008421474071668218,0.007574940212150413,0.9088138437774296,0.03014203159382976,LASSO
0.0020367071738753863,0.9128711022283489,0.009808367475546607,0.03939468630843117,0.03084089857464096,0.005048238239157065,XGBRegressor
0.0007800219139156625,0.9151233873620851,0.013435220133983995,0.02073823065606697,0.03422107404692183,0.015702065887026415,XGBRegressor
0.006696995237515954,0.02477207128510021,0.9395641286578046,0.0202421146604008,0.00448767040034282,0.004237019758835427,XGBRegressor
5.890045638801176e-05,0.0020661162909135417,0.0006132185523324597,0.0024279912063821527,0.0006081218893224478,0.9942256516046614,LinearSVR
0.005579823975673971,0.3173970584249257,0.15109642782017765,0.3866349657566451,0.012833246531178469,0.12645847749139913,XGBRegressor
0.00044070003655990433,0.028015897355335547,0.003933199508223517,0.013707978108066855,0.0013230884875570534,0.9525791365042571,QUANTILEREGRESSOR
0.0002085995155548833,0.021786957302799448,0.0018148219870854389,0.008876141904724947,0.0005973944500675265,0.9667160848397678,LinearSVR
0.0019672509146322708,0.017735645521615634,0.938625059805723,0.026492615258284318,0.008718089351325073,0.00646133914841971,HUBERREGRESSOR
0.0009448502787071037,0.9114271278661359,0.020723590201626653,0.05162107488609079,0.005613116208200323,0.00967024055923926,LinearSVR
0.0008664141877077618,0.06653074908763598,0.024468432617309487,0.058401436191730216,0.008486206700974526,0.841246761214642,LASSO
0.00028091480288756476,0.02910081947099698,0.006105897969026273,0.9321619829697061,0.0027039308525740073,0.029646453934809133,XGBRegressor
0.004160999501533987,0.9611944198152164,0.01244176055008271,0.004378817407183751,0.010755518831303138,0.007068483894679922,HUBERREGRESSOR
0.0030009403628341812,0.005217018992805605,0.004096710988343927,0.009117670727020464,0.005935826288357785,0.972631832640638,XGBRegressor
0.0008620834002582594,0.9330776666123136,0.005404941724654419,0.03269503398218752,0.0020857039974519266,0.025874570283134255,XGBRegressor
0.0009720806135209895,0.008805239917187459,0.006543015170712784,0.01073500927794441,0.002177214207543812,0.9707674408130905,XGBRegressor
0.00014490465455027006,0.006355350496172697,0.009689350061390099,0.003976090043198581,0.0005507784125632348,0.9792835263321251,HUBERREGRESSOR
2.8749651180223305e-05,0.000558834966401256,0.00037703706205066267,0.0006838262627545581,0.00016914741709761233,0.9981824046405157,XGBRegressor
0.0012425948955050122,0.030078237983594016,0.010745233603338409,0.9405185632018621,0.002574604962028659,0.01484076535367176,XGBRegressor
0.0001860471375528747,0.008369702881690056,0.001670397438587295,0.008108158328203182,0.0010590971647116828,0.9806065970492549,XGBRegressor
0.8969262803282221,0.006509387662724406,0.004004987360443575,0.06307527505478949,0.0011382403083563131,0.028345829285464186,LASSO
0.0009559089295657367,0.9309532872674443,0.007058782264376016,0.011810486426054367,0.02943409164544288,0.019787443467116708,XGBRegressor
0.0005080620561790612,0.010358647513124979,0.004585149912143443,0.011641800613191594,0.0010831783126317393,0.9718231615927292,XGBRegressor
0.001547465014392251,0.006177619300042128,0.9724015421626154,0.006810574502468101,0.006075341467254966,0.006987457553227055,XGBRegressor
0.000463078785775695,0.007827494197803004,0.002764804642205763,0.01237885897237873,0.0008960874349136281,0.9756696759669231,HUBERREGRESSOR
5.0081130361581193e-05,0.0008605317774524296,0.00042518084763898655,0.0012729569895872114,0.00021834220054710193,0.9971729070544126,XGBRegressor
0.0008797505199804413,0.03358185424633602,0.9098870875017794,0.04588667709918146,0.0029448557600739254,0.0068197748726486875,LinearSVR
4.78971998999458e-05,0.0011479205345176697,0.006500167330485349,0.0020346690414360102,0.0004771272654844149,0.9897922186281766,LASSO
0.003023236080173376,0.9777122310863532,0.006251004681573001,0.0034899862576605553,0.005672617294742431,0.0038509245994972872,XGBRegressor
0.0005857204657358099,0.018168278256494627,0.0025664479248289906,0.032126399542374645,0.000909893465847603,0.9456432603447182,QUANTILEREGRESSOR
0.0007304554947266407,0.901295788522967,0.030901035353926947,0.033724599481539184,0.005456183629439918,0.027891937517400288,QUANTILEREGRESSOR
0.0020484277698632,0.9303318392798733,0.020965565156471206,0.0259941124227102,0.016035321816131275,0.004624733554950858,LinearSVR
0.013056631138296245,0.6030672694993632,0.05809615800046001,0.2726663533041174,0.010074212228624424,0.04303937582913862,XGBRegressor
0.001269019586201004,0.9319160280851895,0.010090582959217975,0.026725161116226755,0.0038882740089412355,0.026110934244223484,XGBRegressor
0.0020556764157712865,0.9494780467960534,0.011328949967682352,0.016331582561101697,0.001716325794729849,0.01908941846466154,LinearSVR
0.002589155084504291,0.9342886013779554,0.013705840837980062,0.025592715526014144,0.0017949922481473094,0.022028694925398745,LASSO
3.77739796934972e-05,0.001999961735565435,0.0021628039955121276,0.004042860239703524,0.0003296561641206781,0.9914269438854048,XGBRegressor
0.00014259162003043259,0.004074841160092224,0.0023363798633835916,0.00468922614864959,0.0002989823430549329,0.9884579788647891,HUBERREGRESSOR
0.0002597840526389938,0.0072011000941841615,0.001357673542915963,0.004573380691455051,0.0004646249823496831,0.9861434366364561,XGBRegressor
0.0001406061012640312,0.004919458796901122,0.0013047744562761367,0.0017970242886717047,0.000290679236674588,0.9915474571202124,QUANTILEREGRESSOR
0.0044870784034384496,0.013961663260615384,0.05796165764051358,0.8925071673923053,0.019414058994528895,0.01166837430859822,LinearSVR
0.0006494723937549312,0.05063664725591252,0.9012935609015037,0.025714070695110638,0.001540835153377304,0.0201654136003408,LinearSVR
0.00022503924097970533,0.010917525095345191,0.0032772902227378603,0.02230601956689751,0.0012360569819770215,0.9620380688920628,XGBRegressor
4.824936468690629e-05,0.0006954218178270364,0.0023427541961661405,0.0037544920410497312,0.00020850534066623735,0.992950577239604,XGBRegressor
0.0011351170936562537,0.947741015819645,0.020032829092585264,0.010505415483973555,0.0020952884432071128,0.01849033406693274,XGBRegressor
0.0026417109007690247,0.9495277800881611,0.016345741142477985,0.01996348494588069,0.003896610305526338,0.0076246726171847546,XGBRegressor
0.0008253956411931222,0.9637159175754673,0.0082070942864485,0.01287098526396207,0.006239686319239871,0.008140920913689119,XGBRegressor
0.0006138372330547878,0.016535506563953268,0.006735399170761368,0.9306196559051649,0.0014173864122563262,0.04407821471480934,HUBERREGRESSOR
8.166755659095105e-05,0.005679294506538631,0.0012186215004555657,0.001269719434245403,0.00034627527809491683,0.9914044217240745,XGBRegressor
0.00012540524891760233,0.019748149716271878,0.001856128475776541,0.019470066164660696,0.000574235321080225,0.958226015073293,XGBRegressor
0.0012257275115178628,0.9254843955421794,0.009590215538947977,0.0421374596106942,0.002016019333559384,0.019546182463101025,XGBRegressor
0.0075473207641917235,0.024652750671538215,0.04881833522356697,0.015136298843840289,0.8884056884307507,0.015439606066112025,XGBRegressor
0.0023494444688349483,0.04270143909225212,0.01612579301500001,0.020660521091212147,0.008732723329400092,0.9094300790033008,XGBRegressor
0.00010994230348358754,0.00121672457986156,0.001214334114299606,0.0055703567280206015,0.0011675308811012006,0.9907211113932336,HUBERREGRESSOR
0.002831377980618476,0.877650237959518,0.008722742142556148,0.064570288589455,0.0011706855804040144,0.04505466774744804,LinearSVR
0.002353972872943436,0.10078160580341453,0.00479437949208325,0.012788583760882474,0.0024998365782896263,0.8767816214923867,LASSO
0.0003540472429225694,0.03849288919935708,0.01520624352237645,0.9341556551196579,0.00405200584697262,0.007739159068713362,LinearSVR
0.0003900342506596438,0.009813425473603529,0.06332513128788111,0.9179259592309398,0.0019012146031706758,0.006644235153745092,XGBRegressor
1.4811371062870576e-05,0.0002743904661073501,0.003709872138021807,0.00096450309175004,0.00019877493358616782,0.9948376479994717,HUBERREGRESSOR
0.0010531512761599083,0.04044008959929452,0.006813473533466807,0.007765769522159832,0.005705721773449353,0.9382217942954696,LASSO
0.00340595972705095,0.011753382074383045,0.020748293030334958,0.9330144412382244,0.003984627054479023,0.027093296875527497,QUANTILEREGRESSOR
7.861495663242664e-05,0.002390615940098454,0.0007834983864122339,0.005191637678184299,0.00016223815657171462,0.991393394882101,XGBRegressor
0.0016565814008598682,0.897063571286179,0.028407084585686786,0.034789984087552885,0.003093559723154079,0.03498921891656739,LASSO
0.0008676867207281361,0.025878427378599758,0.0039038201295739762,0.00921784593040725,0.002287881234187558,0.9578443386065032,XGBRegressor
0.0008673019821465396,0.8610098307225,0.026904132812348883,0.029668672181632976,0.004087089095877982,0.07746297320549388,LASSO
0.00043642834934322074,0.008632461139551469,0.004708755118405103,0.01078873498123849,0.0016869559801753866,0.9737466644312862,XGBRegressor
0.002348462130439615,0.9676175933938782,0.004713055950040444,0.015449422615521251,0.0026814078955532286,0.007190058014567252,HUBERREGRESSOR
0.0004306297737806594,0.030169530889122283,0.003979456851972501,0.0070845252095456356,0.001412716186583273,0.9569231410889957,LinearSVR
0.007075111859858572,0.9717788317206415,0.007840174107472182,0.006438098063407501,0.0036301288166913,0.003237655431928938,XGBRegressor
7.102046977334885e-05,0.0027312181450571357,0.0010412031284244506,0.009084416197908103,0.0007126978855649197,0.9863594441732719,LinearSVR
2.388881518889162e-05,0.000713738613301854,0.0002889965284466903,0.001165540109238837,6.888231841794343e-05,0.9977389536154058,LASSO
0.004877486705434751,0.03332427441505927,0.010788462002933622,0.02883489567947038,0.001732852964011264,0.9204420282330906,LASSO
0.0006006118111720405,0.02132885814054853,0.0028657012421174346,0.03180729680533893,0.0004877455690342443,0.9429097864317888,XGBRegressor
0.0017792735371826092,0.653672462797095,0.14094967737663014,0.11179119265824838,0.0106082016577663,0.08119919197307764,HUBERREGRESSOR
0.0008442308501499852,0.030837859669936206,0.010800452518950447,0.9273996653706417,0.012781508392489708,0.017336283197831863,HUBERREGRESSOR
0.00016176768717670844,0.005142666401349116,0.0035256679246141428,0.010918945806416122,0.0006622748176583946,0.9795886773627855,LASSO
0.0005425756218148556,0.9341642676446161,0.0037872836223096303,0.05424287577134505,0.0008593094839026837,0.006403687856011823,QUANTILEREGRESSOR
8.140152378243716e-05,0.0009409408713446691,0.018085530852746407,0.002632071330473558,0.0006494125896701035,0.9776106428319827,XGBRegressor
0.0051771128536245905,0.011742320479628464,0.004563991093117346,0.8814091656226133,0.0007380533084731158,0.09636935664254319,HUBERREGRESSOR
5.9660695181305325e-05,0.003904727125834548,0.0010220533565864515,0.003423603005842212,0.00046227983175730177,0.9911276759847982,XGBRegressor
0.0007227923298604572,0.009882581370608575,0.020302720432112058,0.9066318017105863,0.01701003860373386,0.04545006555309867,LinearSVR
0.003846589438781855,0.04054029742689905,0.9122759094429844,0.009695433453284745,0.005304883038180602,0.02833688719986955,LASSO
0.0008293245402407485,0.027019023929275996,0.008805895578862405,0.9149585242216424,0.0034181028315500837,0.04496912889842843,XGBRegressor
0.0002205042551409259,0.0022674443236390435,0.012826199687155336,0.014885703551490298,0.001645496299229491,0.9681546518833448,XGBRegressor
0.0003521172768688659,0.0042154832835428774,0.0049196916409845965,0.018966935444276738,0.0017645235059978914,0.9697812488483291,XGBRegressor
0.0010146826234661334,0.22887710376252063,0.017582797696542928,0.36180493829475857,0.004486647131642868,0.38623383049106885,XGBRegressor
0.00014427546186278085,0.0056472686625799445,0.005731945707803714,0.021652530945428856,0.002853650518965195,0.9639703287033595,HUBERREGRESSOR
9.853354609353405e-05,0.004994269440188173,0.0016002506350372096,0.010021201171054397,0.0012432464949327295,0.982042498712694,LASSO
0.00016794883022908268,0.0028100584689126963,0.002265797057199213,0.01846791530125327,0.003453451573945437,0.9728348287684603,LinearSVR
0.06359006512635078,0.06415169978791953,0.2389183865413648,0.5024447748158735,0.02310464907891457,0.10779042464957674,XGBRegressor
0.000518572930278193,0.010866665332416953,0.004659201156222421,0.010004294668083525,0.0021525022163060973,0.9717987636966929,XGBRegressor
0.039255317949308165,0.7956452138381592,0.08611558483718586,0.05834011065815184,0.009494018823078145,0.011149753894116762,HUBERREGRESSOR
0.0003316827943804935,0.0061190827328686396,0.02681408766288641,0.008449249682287841,0.0008218700874405167,0.9574640270401361,LinearSVR
0.0024362818001039213,0.11838752010234825,0.09687759095246588,0.47412493999425037,0.007680523579930849,0.3004931435709009,QUANTILEREGRESSOR
0.00013555867080907905,0.0009088914992710308,0.002865645411725319,0.0012119040752424926,0.00040973125117429174,0.9944682690917778,HUBERREGRESSOR
0.00010235707438206265,0.0026565459301565774,0.00156356305211295,0.005469637078372912,0.0008821296346307035,0.9893257672303448,HUBERREGRESSOR
0.0017513213014648027,0.9173910671610074,0.009691800235021608,0.03881692957254872,0.003180592834736508,0.029168288895221214,LASSO
0.0035441975496323403,0.038442837502390116,0.007479842293630922,0.9267900421070957,0.0006849799793876263,0.02305810056786331,XGBRegressor
0.0007628379556183448,0.265567078740084,0.011420470278413518,0.6771537551785043,0.008306670061042427,0.03678918778633735,HUBERREGRESSOR
0.002160956403304916,0.6943430017357736,0.025049255102045875,0.1281944720472917,0.020696550215802502,0.12955576449578132,XGBRegressor
0.0004867915455982525,0.9056379067962462,0.050684786481362036,0.03259791973759023,0.0021332614989189136,0.008459333940284565,LASSO
4.3872025899689046e-05,0.0035026864141970374,0.002351035600089611,0.0031072405777941934,0.0003898368689698827,0.9906053285130496,HUBERREGRESSOR
0.0018337383406316298,0.02770941817960558,0.009144688340472402,0.005114173745861528,0.005017420237514061,0.9511805611559149,LinearSVR
1.5568407437295112e-05,0.000827736312349176,0.0003137935320725664,0.0009884050733001697,0.0001260622780763679,0.9977284343967644,LinearSVR
0.00024372235696234532,0.03694274828279154,0.009109020786859903,0.9440652815338005,0.0011290682489089893,0.00851015879067656,HUBERREGRESSOR
0.0040753348186677845,0.9316984349459816,0.018661799264743543,0.03246779314175495,0.005523360555564622,0.007573277273287396,XGBRegressor
0.00011629306089707638,0.00607676534259414,0.0009920367644405674,0.0030970326102181187,0.0005712043425993688,0.9891466678792507,HUBERREGRESSOR
0.0005866862514730119,0.9114563994172845,0.05203907177688256,0.015356231001215241,0.0015335869099101602,0.019028024643234564,XGBRegressor
0.00028280297618415117,0.021008233328238292,0.002036156618392952,0.008287457345115752,0.000366652010217812,0.9680186977218509,XGBRegressor
0.00039011332210303325,0.013470778210199543,0.0029778125338028104,0.009635462622023628,0.000811574664415188,0.9727142586474559,XGBRegressor
0.006207426740498264,0.042877797793736246,0.012635932964560207,0.01667720849556661,0.011347517337297875,0.9102541166683409,XGBRegressor
0.001422056430593949,0.060523633857837204,0.009017059229826862,0.9178885030144703,0.005022378729761474,0.0061263687375100505,ELASTICNETCV
0.0027126670475792762,0.05062484271747069,0.008675316292726174,0.017723344832796976,0.9169446633358395,0.003319165773587265,HUBERREGRESSOR
0.0007099646614118318,0.02993245005474599,0.9264763845614027,0.030404652594057675,0.003485595523672465,0.00899095260470933,XGBRegressor
0.011211344514320473,0.6919295308425384,0.04483601723326586,0.17386373578479813,0.03677260588856519,0.0413867657365118,LASSO
0.003617496712626123,0.003512497276998194,0.0017078352830087547,0.9695595846718781,0.0004274738878340476,0.021175112167655025,XGBRegressor
0.00023056572591282625,0.9236045984178336,0.008145923572585695,0.04374789326229189,0.0024976516046069956,0.02177336741676897,XGBRegressor
0.005900990118915446,0.9426622258070305,0.022198763344647213,0.0030184297191469174,0.0032782687306004183,0.022941322279659317,LASSO
0.002326812406251972,0.1478674494584154,0.036570243989181614,0.4993255588844343,0.011392344282328692,0.3025175909793879,XGBRegressor
0.0018762419816016613,0.00804711935055068,0.011375271820379656,0.045988307426076284,0.002116471448722293,0.9305965879726694,HUBERREGRESSOR
0.00015793491188153551,0.005069126545609936,0.0016016359414774395,0.0026574036828571827,0.0006239328240691739,0.9898899660941047,HUBERREGRESSOR
0.00015467539429019834,0.012557303543157886,0.0032403832060096073,0.0074467093237286066,0.0009678260737939879,0.9756331024590198,HUBERREGRESSOR
0.00029884483130399514,0.00671738172008326,0.0027658105904485833,0.002804830766551736,0.000284084852669809,0.9871290472389426,HUBERREGRESSOR
0.0003719696464626114,0.039188123970822296,0.003810794098860096,0.014949226361763232,0.0009171722646580616,0.9407627136574338,HUBERREGRESSOR
0.0008476140664023924,0.21566201644038097,0.00560294785188261,0.11874635443962238,0.002814614724513186,0.6563264524771985,HUBERREGRESSOR
0.00020958561826947816,0.020164903190452648,0.9207129787312475,0.04418350158853248,0.003406594966784611,0.01132243590471331,HUBERREGRESSOR
0.0016678437417912363,0.011082856983935602,0.010575324650563229,0.9416125398720566,0.0029537621344090928,0.03210767261724419,XGBRegressor
0.0003378995261288929,0.0051133642159007335,0.004918346141284068,0.015196598480723054,0.0008150699539542991,0.973618721682009,XGBRegressor
0.8762201386687654,0.024217714489424322,0.06636882378983405,0.011894583883516736,0.007634333229620689,0.013664405938838867,XGBRegressor
0.0011054408743848996,0.034436330688344306,0.9239555465664785,0.010627166701448884,0.001604854722530606,0.02827066044681293,XGBRegressor
0.0014536552344277822,0.0026814685465122987,0.001683758991440282,0.948012857421077,0.0010762397359485446,0.04509202007059401,LASSO
0.001515311857175434,0.7877806788073223,0.02129234750088628,0.08907966482009853,0.04323465251868131,0.05709734449583606,XGBRegressor
0.00013821456234553312,0.007632886533429214,0.0011674941339274586,0.013970406284661823,0.0006057111156051335,0.9764852873700307,XGBRegressor
0.0007744673100743219,0.010892241663965418,0.013619229161945846,0.010340153798382672,0.9397841741069294,0.02458973395870232,HUBERREGRESSOR
0.00010285909157676063,0.001211868376737491,0.008383393761638309,0.003809725392868419,0.0015666248037666465,0.9849255285734124,HUBERREGRESSOR
0.00021448264816969944,0.0010306206043083526,0.001318723737468332,0.0010444046119119233,0.000553567388054758,0.995838201010087,HUBERREGRESSOR
0.006006720207943142,0.21729684722058504,0.351607759960205,0.2828131191198045,0.01897175759488532,0.12330379589657704,LinearSVR
0.00581161666878173,0.03241863778375191,0.9400141564152534,0.012841054631090573,0.0039341712471944994,0.004980363253927632,XGBRegressor
0.00021889194980733047,0.0018510869794841425,0.019268773559906978,0.0012120237659336511,0.0006908562297646609,0.9767583675151033,XGBRegressor
0.0006830043908946032,0.011392974004984173,0.015906864862891015,0.008673674872023147,0.0343660772034514,0.9289774046657556,HUBERREGRESSOR
5.391073210250267e-05,0.0010545747034490128,0.0022603374758070243,0.002656425629820637,0.0014194171052812955,0.9925553343535395,XGBRegressor
0.00591180108125953,0.005250548491341622,0.0032757581767606956,0.9381780208137738,0.0006057480346119253,0.04677812340225256,XGBRegressor
0.007137185019539498,0.9286734974961035,0.011636990810863224,0.010828007328315127,0.03757447848909118,0.00414984085608734,HUBERREGRESSOR
0.0006532577576573844,0.009117151546301844,0.0029299418967546165,0.898319533523393,0.004698766078790425,0.08428134919710265,XGBRegressor
0.0025081823279290835,0.04114619445062639,0.007964326861230482,0.9152086737401086,0.0025003253663644005,0.030672297253741137,LinearSVR
0.0006925482854319727,0.009158855731923193,0.0011786756713104273,0.002000833548275952,0.0006339908646622699,0.9863350958983962,LinearSVR
0.005595392813345263,0.9421345033227061,0.014226556779759657,0.029897465288658578,0.005148937926030388,0.002997143869499819,XGBRegressor
0.0006991706204124878,0.04854073282641543,0.8916282079753415,0.02969438010136468,0.005323353713441652,0.024114154763024396,XGBRegressor
0.00018389638461727506,0.007551983471241055,0.011103083593274395,0.006611096521499311,0.0008930091023213173,0.9736569309270466,LinearSVR
0.0031535084327435734,0.06957356916921426,0.1620753112572427,0.05332873966943919,0.18221430492396568,0.5296545665473946,XGBRegressor
0.0011841237307217678,0.01074166922097316,0.9217201907752484,0.011828205540178134,0.0013449662619520754,0.05318084447092637,HUBERREGRESSOR
0.925070413392226,0.012499243241195541,0.019904692160811328,0.02728755877332117,0.002808074480812675,0.012430017951633256,XGBRegressor
0.004199590358626363,0.4507687946107997,0.033749576478211425,0.4497238678141187,0.006936211375563353,0.05462195936268044,HUBERREGRESSOR
0.0009469730684738314,0.9554597308297914,0.016963012923009696,0.005909319142774593,0.0012217989830599373,0.019499165052890483,XGBRegressor
0.9036672678742413,0.06517609776805217,0.013267076277944653,0.008166642497042983,0.00651568163433617,0.003207233948382768,HUBERREGRESSOR
0.020604631022612164,0.004937492515430113,0.0037289711255593188,0.9495883923678466,0.0011283144628396087,0.020012198505712123,XGBRegressor
0.00012619674976735486,0.017481718484596852,0.0033729950212561086,0.04035586172793645,0.00030459758770067224,0.9383586304287426,XGBRegressor
0.0013538553218497167,0.008702737042158558,0.029435599689137365,0.028829694438378326,0.012958936212751359,0.9187191772957247,XGBRegressor
0.0006776583727534112,0.0493689454567806,0.008771351038460214,0.9237166214505965,0.0030571387607633374,0.014408284920646051,XGBRegressor
6.03388614264332e-05,0.004289202476855221,0.0005017975313303956,0.0025075533528832717,0.0006056322577833877,0.9920354755197213,LASSO
0.0013119704834475018,0.022826719157352567,0.016521108343971275,0.9283248387077696,0.022807178502483497,0.008208184804975744,XGBRegressor
0.004484448154452713,0.593990998841278,0.04353089654319607,0.33183635918718246,0.011371434639105435,0.014785862634785346,HUBERREGRESSOR
0.0008513124537115578,0.9599889032661852,0.024857606647874356,0.009912092465287596,0.001018776394912818,0.0033713087720284064,XGBRegressor
0.005687140368335327,0.979089623569276,0.007197679631753,0.002853862103341992,0.00208646951001982,0.0030852248172737367,LinearSVR
0.00015373113490288928,0.0024383252878835437,0.023142823579290456,0.0016777066401009269,0.0008978862415332103,0.971689527116289,XGBRegressor
8.327799359764614e-05,0.005943369931706727,0.0018573912150764403,0.005970419401541925,0.00033139466569436323,0.9858141467923828,LinearSVR
0.0014971965143461617,0.967628616732806,0.005988170630373321,0.00801791258667105,0.008207196219003622,0.00866090731679968,LASSO
0.002815400708224375,0.10945938954324029,0.10089125424756401,0.09102757276618478,0.6432462796737233,0.05256010306106338,LinearSVR
5.430867892869001e-05,0.003458444236459987,0.0020881798088650937,0.005560791690821897,0.00030656153160712785,0.9885317140533172,XGBRegressor
0.00046396696196156684,0.013528115285156907,0.005700047023239473,0.0032532126849427684,0.0005733893102388787,0.9764812687344604,XGBRegressor
0.00043936416762410327,0.03945163689558032,0.021938533686617055,0.9189420480613061,0.006307148481610098,0.012921268707262233,XGBRegressor
0.0005454680814794949,0.008170607579213436,0.029137675659074845,0.0053829335346900495,0.0026064109051456633,0.9541569042403965,XGBRegressor
0.0005513080258164991,0.01659831788759255,0.03160724382442544,0.017271540845138454,0.9197749585819237,0.014196630835103384,XGBRegressor
0.00044161938261747056,0.025530634677151852,0.026476361593864375,0.9227404998723763,0.010793605631669024,0.014017278842321,XGBRegressor
0.0019011792229635149,0.31467662466135843,0.33472830348543847,0.3074883762165551,0.018580144907815198,0.0226253715058693,XGBRegressor
5.591903600604546e-05,0.0006686874470883289,0.0002530810245310104,0.0021054204553759073,0.00011792798048761552,0.9967989640565111,ELASTICNETCV
0.00028358842093753763,0.0016576437777428357,0.0013842718043860036,0.002174258438586836,0.0003260673427946469,0.994174170215552,XGBRegressor
0.0003260899210412106,0.00696843668811432,0.9698404894348851,0.00844877456280768,0.0025453986091619105,0.011870810783989666,HUBERREGRESSOR
0.0009185739292918303,0.017510738968388884,0.8976986224615394,0.037994186549936956,0.002993640383114123,0.0428842377077287,XGBRegressor
4.8079608146611254e-05,0.003929637175783663,0.004073885761186353,0.00877623999498772,0.0003409077869327555,0.9828312496729629,XGBRegressor
0.0034657281776201724,0.06499353597034668,0.013457347417692361,0.8697147160628871,0.008374970324688376,0.03999370204676535,LinearSVR
0.0008713111613573071,0.9824501142585603,0.006611138016053906,0.006680330823327536,0.0012148099797747957,0.002172295760925956,LinearSVR
0.01539343060145327,0.045458921524047076,0.033768366364440826,0.8894691920175666,0.006766863078665559,0.009143226413826644,HUBERREGRESSOR
0.0007323214507404561,0.010170347835519188,0.9452765475391354,0.02886622626469478,0.00996811455485977,0.004986442355050637,HUBERREGRESSOR
0.0007124455658927451,0.9849913832437377,0.001490704621187848,0.00903489322333622,0.0014144658819790663,0.002356107463866397,XGBRegressor
0.002467212340441906,0.23844213230676345,0.0382121795527338,0.563895609949933,0.005380295552411446,0.15160257029771634,XGBRegressor
0.0016171591123578205,0.8879493071334756,0.011616321283788577,0.02448578328362539,0.002672777606018093,0.07165865158073433,XGBRegressor
5.5710765932377384e-05,0.0023343121036329827,0.0012838471037864378,0.002617466995796372,0.00028218093735043516,0.9934264820935015,LinearSVR
0.0004288939663217635,0.0030638508253528277,0.002610310360354756,0.002535089346010508,0.0008213168824460135,0.9905405386195142,HUBERREGRESSOR
0.0012494694025871422,0.974349334278631,0.005330832204182807,0.011162621079716615,0.0056462458846712376,0.0022614971502112067,XGBRegressor
0.00177733869808001,0.9562386487528074,0.008687682180710575,0.01598780717693068,0.006447073986052652,0.010861449205418731,XGBRegressor
0.00014399453801613538,0.005612499873517922,0.001423182342410397,0.005591641555081428,0.0005927660714611466,0.986635915619513,XGBRegressor
0.0011835460461938395,0.9456843410224255,0.012327979982644887,0.028254590708289975,0.002380608874718771,0.010168933365727285,XGBRegressor
0.001302531283406705,0.01222870604479989,0.014745203484770264,0.9198915600694959,0.002858128165619866,0.04897387095190726,LinearSVR
0.0009598066315792454,0.9927105163999941,0.002717654017531332,0.0013691390186951794,0.0012858541006301974,0.0009570298315697993,QUANTILEREGRESSOR
0.0002821190760867271,0.0038141456430629914,0.006870489491355241,0.009516155111950792,0.962999783588948,0.016517307088596205,LASSO
0.00047785097091573403,0.00847534709586023,0.012119601483733054,0.029000906069217743,0.9304875081716072,0.019438786208665966,HUBERREGRESSOR
0.0009258266105176328,0.5929922565159451,0.019396934493066353,0.17309884969864708,0.005074597037083017,0.20851153564474095,LinearSVR
0.03965740842199112,0.6394239502762346,0.05761235455384686,0.13036793904140842,0.017254455212905,0.1156838924936142,HUBERREGRESSOR
0.0013670967665866446,0.0020634562166393267,0.0018427000948479512,0.0550089397534815,0.0012610914250478322,0.9384567157433968,HUBERREGRESSOR
0.0005606329881549515,0.9718527974331556,0.0021062203887453382,0.009757158850521114,0.000638684450161834,0.015084505889260831,XGBRegressor
0.00025014516333564006,0.002353984617598189,0.0053603732224387695,0.0038552494571162835,0.000458577453224206,0.9877216700862869,XGBRegressor
0.001299289514362062,0.027255252480080015,0.9011823815107637,0.026832914424650606,0.030812492819367363,0.0126176692507765,XGBRegressor
0.0001302722249070274,0.0047082946948857,0.0021883452855267905,0.0034984750579965204,0.0007689668916873625,0.9887056458449967,XGBRegressor
0.0026841390429443958,0.9175315589700827,0.008386130997830366,0.012639643281377004,0.002832125224332344,0.05592640248343303,XGBRegressor
0.0006287217909956649,0.0059465919955878155,0.0039027523972301227,0.901001411144716,0.0030505476909972167,0.08546997498047314,LASSO
0.006047082334779459,0.7494854434607794,0.12904230616226336,0.09020836425460227,0.01646178575658201,0.008755018030993654,LASSO
0.004607090916317251,0.022738032866502774,0.2515582091873104,0.032367369712093474,0.2305446293815553,0.45818466793622087,LinearSVR
0.0013577894564010021,0.9334020061688478,0.009682442419806616,0.019046517752070106,0.0020695268791964287,0.034441717323678074,XGBRegressor
0.0008975603847122881,0.9675875130156822,0.006868257909795211,0.013653329097206821,0.0007945542899286364,0.010198785302674832,ELASTICNETCV
0.001213088511488569,0.046850334514778456,0.005666141141327057,0.012165462535281836,0.000841576443188413,0.9332633968539357,LinearSVR
0.0003823800759853913,0.007958195521772956,0.03615428576980344,0.004143971513467377,0.0010174049345551602,0.9503437621844156,HUBERREGRESSOR
0.0002763819037734523,0.006966603351638034,0.024668984138875572,0.004910740970573626,0.000707900849935505,0.9624693887852037,XGBRegressor
0.00014268442632923907,0.00043252555610178426,0.0007707572470011316,0.0026639771376422284,0.0003184816563629245,0.9956715739765628,QUANTILEREGRESSOR
0.0006618086455032002,0.9644464816749775,0.00985028009970934,0.012055755218383483,0.0017244876110766554,0.011261186750349844,XGBRegressor
0.0010143017856356468,0.04230711089783017,0.006823502259001879,0.9355820626871735,0.0023793132998236057,0.011893709070535104,XGBRegressor
0.016334929368711632,0.03439603412016655,0.047181395973602054,0.05306701967041627,0.04312440359366525,0.8058962172734383,LinearSVR
0.0019223431574938773,0.9768759244845868,0.006919455485740894,0.005911094104012862,0.002141297569537375,0.006229885198628211,LASSO
0.007344313875426696,0.023669631024217395,0.007604761943932332,0.014114686603512946,0.0018972207398861548,0.9453693858130245,XGBRegressor
0.00041623330343274276,0.031854575231174034,0.005534062011412401,0.028066208808777245,0.001626299715233558,0.9325026209299702,XGBRegressor
0.0004753201785905215,0.011028925613586716,0.0063606164528745195,0.9647632800358352,0.001951824476980382,0.015420033242132553,LinearSVR
0.03677355765484473,0.5256486308847568,0.038216176862092124,0.3280148237840752,0.02071574769974,0.050631063114491226,HUBERREGRESSOR
0.00047894048835445975,0.009065983973740024,0.004543236231597963,0.019995902766420878,0.0014231701811842506,0.9644927663587025,LinearSVR
0.00030130136008805667,0.009130369165238681,0.029055724396324697,0.004410990735689589,0.0031968464842900804,0.9539047678583689,LinearSVR
0.0015068176150760376,0.896484498901275,0.008883099179064194,0.0077405848434003634,0.06362024842358796,0.021764751037596404,XGBRegressor
0.00010893049833171818,0.009547608311428916,0.9536838430019684,0.01059847532183425,0.0031385452688071722,0.02292259759762954,HUBERREGRESSOR
0.0003360552189721196,0.025679218559223168,0.025319279666360172,0.9316722707786526,0.006485954735873888,0.010507221040918164,LASSO
4.3958535673564305e-05,0.0011860811687398492,0.0008042339593542458,0.002029234786961424,0.00020593030947907372,0.9957305612397919,XGBRegressor
0.00041873454961460386,0.016724834277973534,0.055982528267507825,0.9011505839303837,0.003940127963682079,0.021783191010838324,LinearSVR
0.00013396332090628198,0.011637126240280593,0.001056060108193271,0.00905290236349643,0.00027480252937937794,0.9778451454377441,LASSO
0.0013422864768451307,0.012662619126560927,0.004000496041927751,0.9612597376267472,0.006914775812501573,0.013820084915417377,LinearSVR
0.0001859817401177467,0.003129610599259727,0.007825008435951245,0.009985140495801594,0.0005917949993097621,0.9782824637295598,HUBERREGRESSOR
0.0007999305036068716,0.046785123368257825,0.004936278738890742,0.07254818042044976,0.0026476992016646827,0.87228278776713,ELASTICNETCV
0.002367173706147612,0.03307815763263724,0.012992776762382216,0.011104796034898317,0.9338473981730901,0.006609697690844365,LinearSVR
0.0006257271967851956,0.936432578611186,0.003099677202567168,0.019629940499884545,0.008980011422193051,0.031232065067383963,XGBRegressor
0.00020119515964520243,0.011130569758601544,0.929017627758815,0.016635295942837722,0.002283040180874709,0.04073227119922586,XGBRegressor
4.930006110352059e-05,0.004228399442084811,0.001665773236199372,0.0023528762723839434,0.00021451891192882536,0.9914891320762994,LinearSVR
0.009045973220223002,0.018878514532701868,0.007683758997034228,0.9407399978521439,0.0007837072343482218,0.02286804816354897,XGBRegressor
0.00011057680273926999,0.00727400241850006,0.9698464892736942,0.01678068834839093,0.001048068322071882,0.004940174834603858,LinearSVR
