ELASTICNETCV,HUBERREGRESSOR,LASSO,LinearSVR,QUANTILEREGRESSOR,XGBRegressor,class
0.029021040950866703,0.07187308420584188,0.12062112650860167,0.23776930932422546,0.040948796345747704,0.4997666426647166,XGBRegressor
0.05365518036369429,0.12289335440530388,0.2289608229711535,0.20195526572185432,0.001734461965367629,0.39080091457262633,XGBRegressor
0.030881013933628836,0.24382593742522227,0.076981545852912,0.360674588059691,0.0047276430765683854,0.2829092716519774,HUBERREGRESSOR
0.031032551189075407,0.36487017159354257,0.14457766191125757,0.09569107333660946,0.07808421132016186,0.28574433064935306,LinearSVR
0.044847411390648385,0.10060429879959414,0.11266815360510009,0.19293388702158557,0.05583740641954874,0.49310884276352307,XGBRegressor
0.021869767895476785,0.6140632907744856,0.1372971149873228,0.15118694872982802,0.04179277863580335,0.0337900989770836,HUBERREGRESSOR
0.013165117264426656,0.2872793902356941,0.3024053324234177,0.20908142301319638,0.008710243057191052,0.17935849400607407,LASSO
0.03319324319625524,0.012535445483744169,0.024389042760756735,0.06358077844259655,0.034647297364337436,0.8316541927523099,XGBRegressor
0.0035995878695666856,0.05493224774191076,0.15267128112596584,0.3097627626412897,0.008244009558169084,0.470790111063098,LinearSVR
0.01588838181149319,0.04590173964839493,0.3856668972571425,0.38903375313711586,0.1550967128981269,0.008412515247726645,LinearSVR
0.023636713772652477,0.6176218251110437,0.07783908954915644,0.026600516069436402,0.006884549789616432,0.24741730570809467,HUBERREGRESSOR
0.034905965820822726,0.04568103381901193,0.08148805368617792,0.17554992751407683,0.014774374893148671,0.6476006442667619,XGBRegressor
0.010932051216536417,0.051621368480672995,0.16431772601015962,0.03711832547329296,0.003963885314731629,0.7320466435046062,XGBRegressor
0.020405263584495615,0.47464257720435576,0.2260757247474231,0.04564942718482437,0.026947418455297856,0.20627958882360323,LASSO
0.01109979224966574,0.08114939743698961,0.07342469639740595,0.23424577263159538,0.011528337750497244,0.588552003533846,XGBRegressor
0.006993418010546492,0.0453150080393393,0.17210105174947413,0.2316435754768602,0.008730211312207185,0.5352167354115727,XGBRegressor
0.02979525750819215,0.23891590265811138,0.12496235084400656,0.4837012417247297,0.08931704176358446,0.03330820550137567,LinearSVR
0.01887725662471309,0.0367178305251599,0.018861036612814082,0.11377429550509212,0.02487837355727496,0.7868912071749459,XGBRegressor
0.016627112384068516,0.1306396273714307,0.18317812712499157,0.20171588290927778,0.18395963593100992,0.2838796142792214,LinearSVR
0.03634459629707888,0.30142558706079187,0.17288970052817768,0.19799973957814648,0.06520711411897002,0.22613326241683507,QUANTILEREGRESSOR
0.007068835609301072,0.48636612652133987,0.14038514417490908,0.17260513897176757,0.04016360910645652,0.1534111456162257,XGBRegressor
0.01049266263443688,0.3103036610872002,0.12262996103455656,0.4430543376841472,0.021877864044557858,0.09164151351510134,LinearSVR
0.0057362436317532255,0.14242440886682645,0.17996357531116602,0.12668429661542016,0.022021753871268788,0.5231697217035653,XGBRegressor
0.05970312622021361,0.34288040692582317,0.042736631398446204,0.4661693544067413,0.017639065202579626,0.07087141584619618,HUBERREGRESSOR
0.0022983412892109817,0.36433611365345947,0.22579128935665263,0.1935405304038718,0.00062697530992742,0.21340674998687778,HUBERREGRESSOR
0.01638053691565254,0.33247669242535244,0.14193886405398062,0.08557852432676423,0.027352405642820175,0.3962729766354301,HUBERREGRESSOR
0.011191339662768255,0.21032559591003175,0.047325005140277404,0.21752716794823598,0.0011223096900111538,0.5125085816486755,LASSO
0.004835430328478558,0.003267169805211656,0.0643791664044927,0.06005671821322601,0.015738548089674197,0.8517229671589168,XGBRegressor
0.042085533536530065,0.16857959854789076,0.17538714613966683,0.2712126484423943,0.017392199968633924,0.3253428733648842,ELASTICNETCV
0.016994291115303036,0.6435816949130334,0.1355081623584751,0.13171134330411383,0.017582758961204405,0.054621749347870174,HUBERREGRESSOR
0.02076065025305045,0.16645777128272052,0.3647376658298848,0.2909063178821287,0.15380742760312013,0.003330167149095493,LASSO
0.009162974964876646,0.22259737149401798,0.21783363428943747,0.39234490921632764,0.008090145516260224,0.14997096451907996,LASSO
0.014944038860264769,0.00011512968634675103,0.05759110811002432,0.15991251018278219,0.6656025235774389,0.10183468958314303,QUANTILEREGRESSOR
0.003522948941253809,4.910098857620188e-06,0.16228066736717928,0.12107024504702678,0.5754831011697522,0.13763812737593029,QUANTILEREGRESSOR
0.053872565251172046,0.5075299843057194,0.05228399762524328,0.2160389710841664,0.027322454818777802,0.1429520269149211,XGBRegressor
0.02597616173826429,0.1076882770728702,0.021905603900954786,0.14910140016192552,0.0076151860846210275,0.6877133710413642,XGBRegressor
0.025395024648550507,0.506131973248216,0.08089951011480755,0.2868207387585167,0.09514832124825744,0.0056044319816517104,HUBERREGRESSOR
0.010865424900813164,0.5455495854913721,0.11153261064338954,0.05228342020743712,0.006743104717768178,0.27302585403922,QUANTILEREGRESSOR
0.022541360013582368,0.537321767781988,0.10533019830221343,0.05723893298821084,0.015545401421288825,0.2620223394927167,LinearSVR
0.10836365150902132,0.05010196560522447,0.10166035255765345,0.2104543089809184,0.00921571207986903,0.5202040092673134,LinearSVR
0.008731271071915256,0.19041643597424504,0.114260931561517,0.1740693127905312,0.008476972221009073,0.5040450763807824,XGBRegressor
0.003191857997652785,0.057289977190936904,0.54044660464673,0.05481449435194766,0.0010776414264470696,0.3431794243862856,LASSO
0.006338158038877723,0.03149579459402731,0.025101513189025038,0.05533765980609744,0.0072381400309767755,0.8744887343409957,XGBRegressor
0.01044709057984499,0.20140800822448762,0.05348419469143628,0.1536806911526322,0.0038540750138243993,0.5771259403377745,HUBERREGRESSOR
0.08418924605007565,0.055591905576953586,0.2565191469471081,0.24090817513449822,0.022344174097922026,0.3404473521934424,LASSO
0.004940837584848173,0.015962437602227535,0.041007434418235525,0.04151306680157163,0.01394648959132581,0.8826297340017915,XGBRegressor
0.011963569743157767,0.00337036999203525,0.016567129404790663,0.029324462459689747,0.010180446330340117,0.9285940220699864,XGBRegressor
0.0010919989628525376,0.010250773021637778,0.05908284368280277,0.08127333977746606,0.010153276281833249,0.8381477682734078,XGBRegressor
0.009449973947227405,0.058664061535653976,0.26441016324163585,0.2882481987208511,0.007872308988864062,0.3713552935657675,HUBERREGRESSOR
0.013706619805771326,0.643159755483008,0.15140482734795851,0.13916382710054848,0.045291787232289694,0.007273183030423987,HUBERREGRESSOR
0.006326179381859694,0.20541735451058943,0.4842618122628376,0.24912470939772421,0.025316643484222915,0.029553300962766295,LASSO
0.04761263361636972,0.038086516541788004,0.09104795233292334,0.10009453726336244,0.01236893601659926,0.7107894242289573,XGBRegressor
0.030187468581933996,0.03510557210046375,0.038146620853702864,0.037612402429986515,0.032231657493409366,0.8267162785405034,XGBRegressor
0.04879552197120775,0.10107284146020862,0.03825996304845307,0.10067068562937476,0.030236165416834125,0.6809648224739216,XGBRegressor
0.024740505304833595,0.3213169836052864,0.2275047222535767,0.20759919332532933,0.009609800456578891,0.2092287950543951,LinearSVR
0.009139781953137834,0.052574819766771946,0.03059047205230098,0.14316532494727918,0.014183863502774278,0.7503457377777357,XGBRegressor
0.03497797917045299,0.5510918776694749,0.09015357671330443,0.09474461248169648,0.1301870741266366,0.09884487983843476,QUANTILEREGRESSOR
0.04151564236626666,0.003900191292448963,0.026786435576822056,0.3707534872045982,0.011392136779848542,0.5456521067800154,LinearSVR
0.005076470945418175,0.22513766142408423,0.09957234614661793,0.06340900152773754,0.006299156982293583,0.6005053629738486,HUBERREGRESSOR
0.021239691136578736,0.31711279247066004,0.08524326908122795,0.2896123765355486,0.28130495306630243,0.005486917709682211,LinearSVR
0.010807879679294743,0.04955005425982314,0.20614373764073926,0.14225678364495492,0.05673909401355499,0.5345024507616329,LASSO
0.005811349493492435,0.03804241526356501,0.07529886093377389,0.02258017281340594,0.021472311756098376,0.8367948897396643,XGBRegressor
0.019713433483620334,0.08052671944811331,0.06574954690040853,0.10788537829659085,0.04970147321206905,0.6764234486591979,HUBERREGRESSOR
0.01349354055915043,0.007678424651203908,0.027950647767058957,0.07310434194840047,0.015559597014897057,0.8622134480592891,XGBRegressor
0.009884320162845133,0.006875756801046975,0.033064884289839044,0.019488710429131452,0.0050884037129353115,0.925597924604202,XGBRegressor
0.05021370830306602,0.23891986181464953,0.07510949041499931,0.06861583931200477,0.02356092212314758,0.5435801780321329,XGBRegressor
0.008403989067859996,0.46422107010642716,0.2962001221483254,0.0989481539388787,0.04949204664183548,0.08273461809667323,HUBERREGRESSOR
0.0177664982378612,0.008814139273873395,0.00944505485348842,0.08470638692553036,0.0316479379319769,0.8476199827772697,XGBRegressor
0.02393309272477393,0.0441300708141091,0.2312574607614907,0.3054028254029354,0.34293385201829124,0.05234269827839969,XGBRegressor
0.013063496631496732,0.00869489186325895,0.008768852342437397,0.24958480546776488,0.0015525887353017907,0.7183353649597403,XGBRegressor
0.013174630355324925,0.05904093521946737,0.40395654033559314,0.1677406460240524,0.33979998092203223,0.01628726714353003,LASSO
0.021931901620384473,0.07600316053909469,0.02823283282863741,0.34107530881061204,0.0492963723493559,0.4834604238519154,XGBRegressor
0.023925081047365328,0.032225488654100916,0.15266145272065973,0.19549364414016593,0.004215013022514121,0.5914793204151939,XGBRegressor
0.009462467207560502,0.02967755760659452,0.0767453716194996,0.08962589284225109,0.023956999266413096,0.7705317114576813,XGBRegressor
0.007152239815448525,0.14672676234570434,0.17207553010301505,0.23630312444540458,0.04539790302250991,0.39234444026791754,HUBERREGRESSOR
0.021339021853362488,0.15903390028905381,0.09149543328535217,0.22396417129356627,0.02779537124837534,0.4763721020302899,XGBRegressor
0.02594661817140099,0.0430770728512205,0.020361804049762577,0.05354972994470096,0.08262036058010379,0.7744444144028111,LinearSVR
0.06829755396740782,0.026242495663016664,0.20276226847374215,0.4077423657324884,0.05646977461995818,0.2384855415433868,LASSO
0.008415546760595782,0.02659402006789264,0.0939237699703785,0.08016685712664548,0.016102364442968083,0.7747974416315196,XGBRegressor
0.06246769823372298,0.44538272984618615,0.09816154799291468,0.159527066932293,0.15320623597068536,0.08125472102419784,QUANTILEREGRESSOR
0.010314162405720539,1.7750545183068996e-05,0.08070158909086324,0.1683717016714882,0.46763563417413423,0.2729591621126108,QUANTILEREGRESSOR
0.01580393526048282,6.581388407069882e-05,0.053611655343604334,0.17045983165967193,0.5091327178557221,0.2509260459964481,LinearSVR
0.02203422289548841,0.2835934977900196,0.19570744600533038,0.24373748580852966,0.07919633673863698,0.17573101076199515,XGBRegressor
0.06984751385805485,0.05062657582296503,0.06581584440657653,0.2476178315383997,0.07527532300362955,0.4908169113703744,XGBRegressor
0.006265027887659144,0.17462977786847142,0.31337897876670867,0.052991265459502904,0.0035333827396562233,0.4492015672780017,LinearSVR
0.012725890282002165,0.023791479597748282,0.2539357953127082,0.3800478579227953,0.02461078877292823,0.3048881881118179,LASSO
0.004512554446953704,0.033410591147598354,0.08204495966307737,0.034390917309195614,0.010066780339333836,0.8355741970938412,XGBRegressor
0.07608229228897961,0.329858425813453,0.14846899426460303,0.3817734294938017,0.04597088857822726,0.017845969560935423,HUBERREGRESSOR
0.023420075156121652,0.05462480334040819,0.0460012071339026,0.02193930075745246,0.04335830535904952,0.8106563082530657,XGBRegressor
0.010736300865623823,0.002646257319258827,0.32168375950631206,0.14303404468454767,0.5216710861331705,0.00022855149108700362,QUANTILEREGRESSOR
0.005502044355181446,0.616950978950305,0.1548881894457033,0.08714927605748846,0.016264526960889654,0.11924498423043194,LinearSVR
0.15173166143056624,0.27460356390329266,0.054081698354353835,0.3738599693727284,0.030242573234066625,0.11548053370499217,LinearSVR
0.006455000611009362,0.03180948615586526,0.12307920825255066,0.1558786015814187,0.003663552489867317,0.6791141509092886,XGBRegressor
0.0059757936721269245,0.006265179951330567,0.033385395822700316,0.02519587052295054,0.013067823655808072,0.9161099363750835,XGBRegressor
0.007017054224178162,0.018080558591608148,0.10318867089889719,0.043239343816565495,0.020546518924452955,0.807927853544298,XGBRegressor
0.012212125803491156,0.03534947384816978,0.049586348184028184,0.046951453497876806,0.032358713363642294,0.8235418853027918,XGBRegressor
0.03182739199753656,0.00480112411603853,0.038871887426739256,0.3165475762113734,0.0013716019954702326,0.606580418252842,XGBRegressor
0.05020274992572451,0.46950930735885327,0.08492869188642033,0.25995296131771406,0.06647587091038071,0.06893041860090716,HUBERREGRESSOR
0.03354544166345205,0.028427555963881117,0.025766564409439415,0.4052767367789624,0.01728840684643216,0.4896952943378329,XGBRegressor
0.006643315984171604,0.15218656933474778,0.013818176196969834,0.3930596976511525,0.004770334541744179,0.429521906291214,XGBRegressor
0.008709090713576517,0.006494049668152108,0.031023494411233903,0.029156616672449474,0.005898155691302781,0.9187185928432852,XGBRegressor
0.03789014927117056,0.020268170604332215,0.020808838036771207,0.17439283009226939,0.020370736949050096,0.7262692750464065,XGBRegressor
0.004410968843066245,0.01018043363386726,0.06128981341294865,0.06813018500339603,0.025466235661133596,0.8305223634455883,XGBRegressor
0.024326409933402023,0.5465658453550034,0.23060384181831742,0.07708031885553529,0.03686491765394505,0.08455866638379676,HUBERREGRESSOR
0.04654177579262256,0.426360666851713,0.10567454601002572,0.1555703912451299,0.16800853512678096,0.09784408497372798,LinearSVR
0.01209835714143136,0.5565064855336788,0.22996646898115397,0.11493755369912959,0.012226397195109937,0.07426473744949648,LASSO
0.029747557812765,0.06776298605871499,0.2414520375158649,0.3997978872813109,0.10307881421317715,0.158160717118167,LinearSVR
0.010870762277783668,0.011437585795914312,0.05750382074459021,0.21177694419685633,0.0196939236291664,0.6887169633556891,XGBRegressor
0.09657718543472801,0.6166187822899848,0.018601277618861496,0.1820476600733183,0.06829255069260687,0.01786254389050045,HUBERREGRESSOR
0.04957471560108039,0.17821204905578905,0.3121458806395466,0.12313467069686194,0.025232170540057382,0.3117005134666646,LASSO
0.017690990178186962,0.45886029549973906,0.13209813795366512,0.12098571214831229,0.13117575951093843,0.13918910470915816,QUANTILEREGRESSOR
0.006341683167234171,0.012304451519594964,0.0352415012829812,0.04136467250029423,0.014119704893817238,0.8906279866360782,XGBRegressor
0.00684556089273594,0.527401713877699,0.27055296926650796,0.14180951848706463,0.02624215872921265,0.027148078746779897,LASSO
0.047882142875002254,0.04768523516781195,0.025628796057298942,0.16064274324478822,0.016924448948249304,0.7012366337068493,XGBRegressor
0.009470186455094691,0.13547425783195738,0.45173002679461116,0.21581869027279912,0.024927540017301113,0.16257929862823664,LASSO
0.019886015764009588,0.07285496966881018,0.2512929656161174,0.14750864761966112,0.02538919258934693,0.48306820874205475,XGBRegressor
0.043144663506837225,0.5816214316993746,0.050988023203033986,0.038831440041095615,0.007483409117620685,0.2779310324320378,HUBERREGRESSOR
0.007768872819850627,0.10568443730083948,0.09440386420146703,0.134613194806711,0.017122254668375584,0.6404073762027561,LinearSVR
0.02362996766938967,0.14762338647778872,0.1640097149264587,0.1366270786190426,0.25951523572890633,0.2685946165784139,XGBRegressor
0.010521457761815702,0.42993141069686364,0.033370370702160146,0.47162923694547043,0.026574542508658143,0.02797298138503199,LinearSVR
0.014886835678929455,0.00023314257613093564,0.3761315724912869,0.13413091354364381,0.32057891960233525,0.15403861610767347,LASSO
0.0046667590317659565,0.08661996552135914,0.2912605157795623,0.10423867326990988,0.03104731157731051,0.4821667748200922,LASSO
0.009534895489432968,0.01825592879478353,0.015353911614813146,0.08398013476043219,0.04528306577876643,0.8275920635617717,XGBRegressor
0.02256261892306664,0.035034998766174254,0.17073539627222414,0.48171537849472656,0.07379234643982263,0.2161592611039857,HUBERREGRESSOR
0.01647867982675213,0.5926263344197535,0.10752771861522006,0.08601339870459239,0.09534291938773788,0.10201094904594397,HUBERREGRESSOR
0.04361910615261345,0.17644479675007885,0.21656075908718325,0.33870395841932033,0.06788007053536288,0.15679130905544128,LASSO
0.01462082651243278,0.046745678892216244,0.21249110988292255,0.1699300373395467,0.04617653285604938,0.5100358145168324,QUANTILEREGRESSOR
0.006387734992279188,0.16010312603756224,0.19762017052386793,0.17797121165769192,0.018110733163134565,0.4398070236254642,XGBRegressor
0.010690385320174321,0.5101454780071877,0.2786278357910749,0.10042262931288662,0.016570725386568057,0.08354294618210859,HUBERREGRESSOR
0.003788087693035835,0.012260293458504528,0.06688091991660086,0.01819872850548513,0.024383703640229147,0.8744882667861444,XGBRegressor
0.003472249015983675,0.041922813818515876,0.025554447646828436,0.44401806957811535,0.04847087715850531,0.4365615427820514,LinearSVR
0.018528341762681703,0.17530735252147983,0.270200483978759,0.1935974277342152,0.01563508153967915,0.3267313124631851,LASSO
0.006756469878721912,0.14267006712909494,0.020057815402732222,0.13555269270885367,0.005942301486888316,0.689020653393709,XGBRegressor
0.018021062179688505,0.02024211371135778,0.03360057216369679,0.08843950756181264,0.04260987345696706,0.7970868709264771,XGBRegressor
0.01394707809297568,0.025119152318480886,0.00010101652133911856,0.003209196066610212,0.08763034660101823,0.8699932103995759,XGBRegressor
0.010629953516636976,0.025554901927007684,0.014431257492583933,0.09099931776222571,0.029345102833234844,0.829039466468311,XGBRegressor
0.004137128645813814,0.10958236077980382,0.18441144183203081,0.29156704554542134,0.0043894392130415325,0.4059125839838887,HUBERREGRESSOR
0.023584888353762847,9.630348686766087e-05,0.18216664269036484,0.1457451418536123,0.46138042840422744,0.1870265952111649,LASSO
0.031012105619771357,0.1679378382974886,0.12473178229983081,0.4869160234669567,0.012283228624264774,0.17711902169168778,LinearSVR
0.04431243363023234,0.04472088120584091,0.038148492250396425,0.14410962733452604,0.019381575689285287,0.7093269898897191,XGBRegressor
0.0028226517610409107,0.012003203259193887,0.04824610013740294,0.0383974475747932,0.009420115597447227,0.8891104816701217,XGBRegressor
0.014459088807265132,0.5853949706351991,0.23745093833921313,0.1118964032647587,0.011105915430723473,0.03969268352284043,HUBERREGRESSOR
0.03794964612325522,0.4852330290423678,0.0964943647551172,0.3728916049545098,0.0001409820930636307,0.007290373031686452,LinearSVR
1.8137071984060083e-19,0.0018046662871965687,0.575501804786139,1.4965337103749272e-18,1.4096298471220557e-30,0.4226935289266643,QUANTILEREGRESSOR
0.02584288503667112,0.48644675215624894,0.02946248348650832,0.19831852281112775,0.2128304440404973,0.047098912468946555,HUBERREGRESSOR
0.020090734209286865,0.48755700811039243,0.14821952719551768,0.08722374714864056,0.11433094238047797,0.14257804095568444,HUBERREGRESSOR
0.011760465414632767,0.30120493309747176,0.2829121222186323,0.19697294724896866,0.040273789903612835,0.16687574211668174,LASSO
0.005936611215008187,0.017500918616534317,0.051523990948498924,0.04357571001659096,0.029428821707557316,0.8520339474958104,XGBRegressor
0.013799400036243342,0.30472619401727125,0.0528400274458532,0.5322134960146293,0.032190515039729625,0.06423036744627332,HUBERREGRESSOR
0.03660478994285491,0.16394858330207152,0.22981146634506433,0.232065842342778,0.029574160194280524,0.3079951578729505,XGBRegressor
0.013985801541672305,0.18813771660998269,0.2360041617787253,0.179144640312207,0.1394811942947079,0.2432464854627048,LASSO
0.1127883137808063,0.4866801870169944,0.049312907750584965,0.2294764088229553,0.03209652284941129,0.08964565977924774,HUBERREGRESSOR
0.030758601575851745,0.3261644753868049,0.2392108227055131,0.25518636703484865,0.0675651494641953,0.08111458383278625,LinearSVR
0.011676874617564656,0.08379536684104107,0.13985918637439407,0.6432099044481473,0.011611417557851677,0.10984725016100107,LinearSVR
0.03571205136686424,0.5772664893812204,0.12656520430117038,0.023629678521541075,0.03978748846161411,0.19703908796758976,HUBERREGRESSOR
0.06309513962516722,0.04268553751901588,0.06279776371854608,0.24676502361928404,0.0616155188983369,0.52304101661965,XGBRegressor
0.059040214836453046,0.732061562641275,0.023999880141346863,0.18106404614391367,5.745150165495303e-06,0.0038285510868461855,HUBERREGRESSOR
0.017963147248125356,0.001049459437995402,0.01767314802828954,0.11106978136816717,0.008977304923738199,0.8432671589936843,XGBRegressor
0.002047266180815142,0.048973632449555334,0.16007266346045532,0.049602629343423285,0.006656867332670778,0.7326469412330802,XGBRegressor
0.006666222727957186,0.006517304202449825,0.02557277537122273,0.06128526528624734,0.042316649777556274,0.8576417826345667,XGBRegressor
0.03402963378868867,0.06823336301218783,0.05132691266335763,0.036992462837819595,0.04508872533971193,0.7643289023582345,XGBRegressor
0.22070783375811415,0.019401137208607692,0.02778940788029811,0.45613695387268244,0.011099718032369267,0.2648649492479283,ELASTICNETCV
0.08224459840292578,0.4807883339419149,0.11644053097209991,0.09475230652710064,0.11753480558072908,0.10823942457522974,HUBERREGRESSOR
0.0019601769008301137,0.020515211944749753,0.13110911023578534,0.1286349439116137,0.001352575835227453,0.7164279811717937,XGBRegressor
0.0357423983810382,6.0071014456270356e-05,0.40310788124774416,0.2653280488147048,0.27301633735691416,0.022745263185142355,LASSO
0.016685583429435945,0.07411745824810927,0.07993712627866012,0.08468074902535158,0.008841320416307941,0.7357377626021351,XGBRegressor
0.007386454852897686,0.01810656110580833,0.014238346284561823,0.05498919268805689,0.018745426771733104,0.8865340182969422,XGBRegressor
0.004597345630640572,0.24611332106004277,0.3949959708408877,0.12518689379327394,0.20907004589600933,0.020036422779145687,LASSO
0.002113091438809695,0.012392606199350705,0.19455282540877097,0.08239702162027047,0.005721786994143132,0.7028226683386549,XGBRegressor
0.01851722439566437,0.6566685613349597,0.15907418992600972,0.09179220903467583,0.04675399470628346,0.027193820602406927,HUBERREGRESSOR
0.006639820124520077,0.27043399686670044,0.30620827712025384,0.15186261378383825,0.15532948656549805,0.10952580553918925,HUBERREGRESSOR
0.09134435698857632,0.4941862827977426,0.05868433011372774,0.14279993853034156,0.1378208586477179,0.0751642329218938,HUBERREGRESSOR
0.019776081859981247,0.5953978430555157,0.136990605374381,0.18391188462749375,0.023519176430397002,0.040404408652231515,HUBERREGRESSOR
0.048414584211152856,0.6462936642413916,0.04926835371591202,0.03675246899716036,0.00620850308026566,0.21306242575411757,HUBERREGRESSOR
0.026028267794856938,0.28104129374938613,0.14600904434305054,0.17798419539985874,0.012254617071845034,0.35668258164100264,HUBERREGRESSOR
0.029995389100854527,0.22584668452379666,0.17547477658356153,0.25970824593878383,0.02533867910551041,0.283636224747493,HUBERREGRESSOR
0.005333747374292076,0.022712095728102736,0.07836997508196113,0.036596795527639274,0.014283378724161694,0.842704007563843,XGBRegressor
0.022222317960357615,0.03993945662353882,0.011575212553696241,0.10130570218242253,0.00919249976603485,0.8157648109139499,XGBRegressor
0.010759956765356795,0.22149963940668527,0.0035426657074231894,0.26164004522698636,0.017130241897462994,0.48542745099608525,XGBRegressor
0.005310434875136659,0.021385188538699664,0.018312121854785084,0.08539024858196154,0.004825911611340809,0.8647760945380762,XGBRegressor
0.035863712241330656,0.28290931521244883,0.23895004490754856,0.3217101431759467,0.021221147721615756,0.09934563674110959,LASSO
0.0223809076278244,0.05694346541145911,0.014696636392821979,0.06419176737225298,0.020388762462842727,0.8213984607327988,XGBRegressor
0.004506116527144231,0.023508002017232323,0.100623666566541,0.02399491222260284,0.02094446025348468,0.8264228424129948,XGBRegressor
0.02840761320704489,0.49052611814747393,0.3033253034768262,0.1286246008158214,0.002615423658295705,0.04650094069453775,HUBERREGRESSOR
0.023035610055137823,0.5681897680827491,0.05496615827147682,0.15854491852536573,0.1685644524219168,0.026699092643353774,HUBERREGRESSOR
0.16624415862363154,0.5098840748641014,0.022376057624929988,0.051302825255982516,0.11004782112409967,0.14014506250725497,HUBERREGRESSOR
0.002827185380235331,0.15423132165565873,0.02877562967303915,0.18314969286942887,0.00464997600039469,0.6263661944212433,LinearSVR
0.005218427053804388,0.020072682641414923,0.17131898213107902,0.015099795711921878,0.00445798965044501,0.7838321228113347,XGBRegressor
0.004586213440414957,0.20165321382155876,0.08978641856579894,0.1442167937678588,0.013637818843051278,0.5461195415613173,XGBRegressor
0.05227637711174631,0.393715237588621,0.06995348660068668,0.4237327674526422,0.011242735829949382,0.04907939541635459,HUBERREGRESSOR
0.05814146203923318,0.3754427787343107,0.1545880582011732,0.0743494500542098,0.05124266940322896,0.2862355815678442,XGBRegressor
0.00625191079162778,0.007841548459659215,0.034708057528559474,0.018174111408295765,0.012366681958449413,0.9206576898534082,XGBRegressor
0.1326873008764302,0.1671002364333817,0.14678784719019386,0.21467955007046544,0.010193531333224226,0.3285515340963046,HUBERREGRESSOR
0.00917915246412252,0.4322326722871087,0.005483966793166383,0.10700429166068427,0.0017970307466502221,0.4443028860482679,XGBRegressor
0.011534468994444136,0.13069522804434533,0.3751552575122141,0.2619429656493886,0.1985010914113357,0.022170988388272243,LinearSVR
0.01964522168310232,0.48184973269436215,0.09615065945987637,0.38007827969710783,0.007254251687200324,0.015021854778351097,LinearSVR
0.005191737870863481,0.018644956505279284,0.09296189547662219,0.025881614664579604,0.02410248066947409,0.8332173148131814,XGBRegressor
0.008299541623495544,0.18876193835348185,0.3928811615814586,0.09461261217826224,0.007977238826272758,0.30746750743702905,XGBRegressor
0.05836477989279113,0.08100519500594282,0.1391049577567389,0.27541412859524506,0.041283336500850705,0.40482760224843145,LinearSVR
0.008400222006239563,0.04753355805565692,0.015934247132972944,0.10808428958127725,0.026955337872721467,0.7930923453511318,XGBRegressor
0.011192402398614552,0.06269851374811188,0.08809267831725383,0.10705932344978034,0.06231509300915571,0.6686419890770837,HUBERREGRESSOR
0.014843608851016158,0.03997200995876482,0.01952405714962548,0.13766828001218306,0.01623260634817758,0.7717594376802329,XGBRegressor
0.07800593321923643,0.6590748338493424,0.0327429837747135,0.07784496991994405,0.024393988378427378,0.12793729085833624,HUBERREGRESSOR
0.012088434300744346,0.1836097473334819,0.005852223216200504,0.08408918744765233,0.016668498685960615,0.6976919090159602,XGBRegressor
0.015238568246561645,0.6868811339285364,0.11986233716974881,0.1171483632245577,0.0519812762859267,0.008888321144668627,HUBERREGRESSOR
0.01129622152373178,0.06045042147371538,0.06930246290216546,0.036304866274071944,0.016804754871839023,0.8058412729544764,XGBRegressor
0.013993503754675538,0.04446858309012338,0.04047052318764618,0.0324807775103949,0.026096484790388973,0.8424901276667709,XGBRegressor
0.040535874480321164,0.34779788293750563,0.07727095860499146,0.1589411281589476,0.014489420161087525,0.3609647356571466,XGBRegressor
0.04546979536507025,0.28984376500926284,0.08286447704728922,0.2814961310382289,0.0213368838752546,0.2789889476648939,XGBRegressor
0.0016994846516432858,0.35983881404473933,0.4352571781850724,0.1259074444689553,0.036002294222089753,0.04129478442749976,LASSO
0.008268902249590674,0.027994703140698164,0.0334144046273752,0.2714454562739218,0.010937948131814753,0.6479385855765993,XGBRegressor
0.005343664847053859,0.534283749852508,0.035905982144761525,0.33406355074623617,0.011358566232757706,0.07904448617668271,HUBERREGRESSOR
0.012422816650874429,0.015279213310058735,0.0881094716508583,0.07198020269455602,0.03275692550356917,0.7794513701900835,XGBRegressor
0.05998486071017297,0.14343873178360025,0.04355904691593255,0.11232458061752747,0.017213987350244365,0.6234787926225224,LinearSVR
0.044988360893289364,0.04261298010933334,0.03512222547068937,0.0433938370627323,0.03791315202987862,0.7959694444340769,XGBRegressor
0.017156053034043956,0.02675420973751323,0.05637420233866112,0.1410332202979602,0.023020298744190086,0.7356620158476315,LinearSVR
0.02591139419415391,0.2912198040558941,0.08835952964590998,0.14606026378479087,0.07054114032441308,0.377907867994838,LASSO
0.00913760065645179,0.3761252381574544,0.06584022073768504,0.1456913005396996,0.009454755735133978,0.39375088417357523,LinearSVR
0.007347409971652029,0.016623259731026668,0.03590622901769055,0.03703646699949779,0.014962030357222758,0.8881246039229101,XGBRegressor
0.009896942000727573,0.021077246638015235,0.05578474856441035,0.37190371234788583,0.02401649120383467,0.5173208592451264,XGBRegressor
0.017215984830666307,0.048931497865048364,0.12338117170762752,0.24307212800326727,0.028813707445685302,0.5385855101477052,XGBRegressor
0.007092607338060258,0.029941678975043004,0.06515585194582933,0.17895555765989574,0.03208511287729931,0.6867691912038723,XGBRegressor
0.03302997612341893,0.028609189875887325,0.06300752723785703,0.23453367026864735,0.05547924356514012,0.5853403929290493,XGBRegressor
0.12679433516441654,0.041900617256469444,0.11451754934772379,0.4096557519306274,0.040925309195479084,0.2662064371052837,XGBRegressor
0.023157660604897205,0.04587773560790348,0.007770108453667777,0.047676568250166994,0.06422468234672074,0.8112932447366438,XGBRegressor
0.20482194457442118,0.5758991393379707,0.03835265479358059,0.10502348492733005,0.052168703098241856,0.023734073268455527,ELASTICNETCV
0.005298285244907392,0.153623696221468,0.20174381262301375,0.0374985002823241,0.004330283436165881,0.5975054221921209,XGBRegressor
0.0094065685734749,0.060739357473609014,0.28459259073171356,0.25738421440862685,0.007171062532464974,0.38070620628011065,HUBERREGRESSOR
0.016616415361098497,0.010174731601059436,0.02135028735841103,0.024812568969454597,0.003940279270244283,0.9231057174397321,XGBRegressor
0.05330756961667885,0.02516402624396713,0.013065859686211887,0.10077441789331894,0.03407436131934427,0.773613765240479,XGBRegressor
0.14188254206058606,0.17682274305090098,0.1998767773687557,0.24049009341165664,0.008542341918539604,0.23238550218956092,LinearSVR
0.008840916196728218,0.2731348206664081,0.09744108316758039,0.5702465132872562,0.02001464684146496,0.03032201984056222,LinearSVR
0.04669581416749052,0.43884339502690933,0.08598713813882702,0.040113768375155644,0.05402821206194708,0.3343316722296705,HUBERREGRESSOR
0.0097717139937044,0.6438570958514147,0.10686173358590123,0.08537087604790701,0.010397704608097356,0.14374087591297535,HUBERREGRESSOR
0.011449065315539088,0.026857660741273822,0.043814661906104495,0.04260379178806881,0.015196788464653404,0.8600780317843604,XGBRegressor
0.0077691727614857915,0.1745994328384401,0.3705441384169512,0.08835140886770149,0.008700304287829112,0.35003554282759225,XGBRegressor
0.005696873419854049,0.0024909323072496545,0.0434575114281676,0.04205395679277701,0.02224168792411025,0.8840590381278414,XGBRegressor
0.008044012459637933,0.2300299939822354,0.19234861806823053,0.43482781495327055,0.0313107935700306,0.10343876696659483,LinearSVR
0.010404051945753258,0.4871893148349763,0.042184170771023106,0.40650552767014053,0.05319830674045388,0.0005186280376530617,HUBERREGRESSOR
0.006496157353051326,0.015786931057792438,0.038166705944712255,0.04161990681013956,0.015546949879450251,0.882383348954854,XGBRegressor
0.008240360710986688,0.14053414666798225,0.025155475912875938,0.19743316897480945,0.00481010899115962,0.6238267387421861,XGBRegressor
0.01498760036442653,0.05149288400443474,0.06135630373499539,0.04460149223956008,0.013606084485600087,0.8139556351709831,XGBRegressor
0.039707716304528004,0.49626597257737587,0.13074244785728403,0.1853897855230727,0.03908175465195698,0.10881232308578229,XGBRegressor
0.02903181799030562,0.4302093732366093,0.11876614298380289,0.402848983842926,0.013690512169941814,0.005453169776414545,LinearSVR
0.021792387019260357,0.44538260438630123,0.01981528630698505,0.16443197084125377,0.29843859473605266,0.05013915671014701,QUANTILEREGRESSOR
0.00958205651936425,0.2764635592057979,0.23985718708184098,0.38165103802673056,0.012583432222694747,0.0798627269435716,LASSO
0.016572254882361324,0.4026417474399488,0.060731828135434526,0.42612542978365675,0.09102636662399526,0.0029023731346033395,HUBERREGRESSOR
0.03465258582654661,0.00946099386551897,0.08557290776069065,0.4329568100423823,0.003228523264626625,0.4341281792402348,LinearSVR
0.006724460232199548,0.40155590940223074,0.09216076971529642,0.3530488114693954,0.030836554042584126,0.11567349513829368,HUBERREGRESSOR
0.0172356873451158,0.5235069826784359,0.11377059183051258,0.07089153475794648,0.009359359479293398,0.2652358439086959,HUBERREGRESSOR
0.06301028160760742,0.014550965260348346,0.04688374647745175,0.5084566363404875,0.00800893518952687,0.359089435124578,XGBRegressor
0.0009299520932471106,0.017857951954946133,0.1318771937938676,0.1702759687918891,0.006859764101675741,0.6721991692643744,XGBRegressor
0.034417873529162014,0.1381162736122453,0.060074300099390916,0.08737679009900214,0.02532731759063748,0.6546874450695622,XGBRegressor
0.0029749270211716188,0.017895235312161657,0.07359477787535826,0.043056698261400364,0.0009643638610206843,0.8615139976688874,XGBRegressor
0.008369717646593793,0.28321300449794734,0.06057024041780378,0.09219838812201946,0.01576976730110416,0.5398788820145315,XGBRegressor
0.00530105694927028,0.15177107719964472,0.044358745352542854,0.11572086247619913,0.00994418487057316,0.6729040731517698,LASSO
0.02105373862807626,0.19865358917231593,0.38333362848215957,0.23097000456049263,0.020923284372204257,0.1450657547847513,LASSO
0.004731781618756917,0.005721869873575737,0.1496383679454141,0.08622824269309481,0.003237755083195866,0.7504419827859625,LinearSVR
0.010106292940139821,0.023542220501679225,0.05291150554010006,0.15860303717060203,0.00962123070949088,0.7452157131379881,XGBRegressor
0.01057652521712521,0.4805259329199858,0.25563203014490826,0.14181632541280906,0.02587211865211217,0.08557706765305963,ELASTICNETCV
0.04858388092722766,0.017966855794927482,0.04668535653314228,0.24172961526120545,0.010563756579654754,0.6344705349038422,LinearSVR
0.1377193797089686,0.4110755490155197,0.065781730881006,0.11470996941264765,0.13844241777903432,0.13227095320282378,HUBERREGRESSOR
0.0157703114815971,0.02158211794628945,0.010289181006070713,0.061034214969132805,0.016866921846310386,0.8744572527505995,XGBRegressor
0.03235587137700423,0.25362551625142227,0.15941706908889533,0.27904354093209593,0.24345207560178722,0.032105926748795,QUANTILEREGRESSOR
0.004452036592698415,0.01919033794053395,0.11454980049693786,0.10813047646860485,0.033884812177588035,0.7197925363236368,XGBRegressor
0.0010865960750091458,0.012661971724677264,0.056281293607015885,0.08129555491137098,0.008319837810435807,0.840354745871491,XGBRegressor
0.011077335607291811,0.6211942440643633,0.10940315024048422,0.1278531633242995,0.0024173560743201996,0.12805475068924102,LinearSVR
0.012664771679948068,0.3581136059960972,0.28004561584104504,0.18627810338278394,0.0429956516393581,0.11990225146076772,LASSO
0.0004168889524995538,0.0006941665879467848,0.1841251176803376,0.008489970358563323,0.00019694706379063697,0.806076909356862,XGBRegressor
0.0005216699958651044,0.0006034652059961741,0.7282480850256808,0.022164880450327225,0.23460137334438994,0.013860525977740816,XGBRegressor
0.0988758835001274,0.02613974735859672,0.016742236012521755,0.30237652589814606,0.005770614982320586,0.5500949922482874,LinearSVR
0.130123799609103,0.5836164286468554,0.02975918659280312,0.03483019713800508,0.10860575043252686,0.11306463758070662,HUBERREGRESSOR
0.05716919147359314,0.1634702200885008,0.14620477972738746,0.34223140858476625,0.06846885479786702,0.2224555453278854,LinearSVR
0.043257563789685156,0.35929787650046746,0.12271820647925716,0.21294007309181,0.008638830766162685,0.25314744937261763,LinearSVR
0.005007677024074313,0.05051152914241077,0.0346940382073241,0.041246801090168886,0.0006701238437557307,0.8678698306922662,XGBRegressor
0.011941874303787434,0.6585120479313589,0.06895876843936352,0.1443183984331886,0.0741388681780963,0.04213004271420536,HUBERREGRESSOR
0.009800485620141951,0.37580059396894283,0.2531683869167025,0.06097844569950381,0.02445819061904793,0.27579389717566105,LASSO
0.006933613071898986,0.16501978322862582,0.025030082991278804,0.09310944507732138,0.005846209877335642,0.7040608657535394,XGBRegressor
0.05246083156940548,0.024908466976176134,0.13888654331118439,0.7129343114642314,0.03116585368505177,0.0396439929939509,LinearSVR
0.013557802782692245,0.08812772516429053,0.33923979508758195,0.06513431509564076,0.002470052848294014,0.4914703090215005,LASSO
0.006554185581875268,0.27242309744858084,0.15094057530115365,0.19812354431339405,0.003387267550636109,0.36857132980435997,LinearSVR
0.009355604721787916,0.5075592332008713,0.11608263181972302,0.04249256597693733,0.0038744305641984136,0.32063553371648196,HUBERREGRESSOR
0.18733400656203864,0.6010278962292608,0.035452673801874945,0.039306818137822296,0.09057469689741443,0.04630390837158884,ELASTICNETCV
0.057842684321507874,0.004343473452479244,0.10037797779104479,0.558157706963442,0.006277518747620185,0.27300063872390584,LinearSVR
0.009008814170918549,0.13518849732088783,0.11413712870213732,0.17942076119409214,0.007605165729586371,0.5546396328823778,XGBRegressor
1.440806043240905e-19,0.07467372215895027,0.9110987661555701,4.825503179025186e-17,2.8625661598565672e-30,0.014227511685479796,XGBRegressor
0.007912860246766757,0.19889494196772808,0.14452411043519545,0.5153686556705505,0.11122182994798925,0.02207760173176996,LinearSVR
0.003010513105055761,0.021313095915534923,0.09185288090692853,0.03947927866159606,0.021498293575199588,0.822845937835685,XGBRegressor
0.004472831884607894,0.36129917589472443,0.3098231213471113,0.17332094947428056,0.09703802539410553,0.05404589600517019,LinearSVR
0.08857072432029194,0.45607199117628733,0.027167244698652133,0.30330761481880064,0.11171136707196318,0.013171057914004731,LinearSVR
0.054724358736027975,0.6471156144423035,0.08565075282013443,0.031152327258597026,0.02653874446573101,0.15481820227720602,HUBERREGRESSOR
0.005486693047022187,0.056314331500071514,0.07519409543057858,0.02059682792844697,0.0007460569697237526,0.841661995124157,XGBRegressor
0.010506811066894719,0.05497211501303968,0.057042781936077626,0.034221233699872185,0.012212852119978464,0.8310442061641373,XGBRegressor
0.020278212489000837,0.5968225302187821,0.10378468488220127,0.062260962170741514,0.08533472788284893,0.13151888235642534,HUBERREGRESSOR
0.018458605690202686,0.33898735729629426,0.11232530763616075,0.5000491590971349,0.021967790317829132,0.008211779962378223,HUBERREGRESSOR
0.009690930384887714,0.13080703179694186,0.056400733887785624,0.17518327844763598,0.02053981031375148,0.6073782151689974,XGBRegressor
0.0284603881142656,0.024263064386869548,0.020961617821226547,0.11330301164856028,0.013602139297844812,0.7994097787312333,XGBRegressor
0.034106251204558374,0.39081626428872157,0.09769446249016933,0.08337014376036156,0.0647481673818491,0.32926471087434,LinearSVR
